---
version: 2
money:
  oozyauthor51118: 8715000.000000
  knminerprogamer: 128022.000000
  guesttugboat220: 585481.000000
  arutavm: 1000059999.000000
  binntg: 2000.000000
  lucidthienan: 2248429.000000
  cuteboos 6221: 23814.000000
  tiondz: 4668000.000000
  panzercactus959: 1000
  dayvariable8197: 16700.000000
  holymosquito487: 9000.000000
  thanhyashin1102: 855342.000000
  soradz: 1000
  yuhabahaa: 1584000.000000
  duy199: 500.000000
  ortsortsgamer: 1000
  killdazmc: 91466.000000
  tungsten2824: 1000
  yokodz: 1000
  deftestsine6435: 1000
  bidownzz: 1000
  eginhw: 1000
  nguyenvuanh5276: 1000
  thanngocbaolinh: 290.000000
  lonmongmanh69: 13000.000000
  dieptubetm: 997643000.000000
  dbthanhgaming: 898939000.000000
  phong2079207: 65000.000000
  mamchannel8112: 165000.000000
...
