---
hub:
  X: 266.637100
  "Y": 13.000000
  Z: 243.563200
  Yaw: 185.991196
  Pitch: 8.342291
world:
  X: 193.465900
  "Y": 124.000000
  Z: -738.482100
  Yaw: 209.708527
  Pitch: 63.359390
LB:
  X: 254.705300
  "Y": 100.500000
  Z: 268.488700
  Yaw: 272.560616
  Pitch: 59.322311
...
