---
version: 2
money:
  hoangdzx: 19999.000000
  phuongaz: 54399999.000000
  yokodz: 12228.740000
  ziojurrytm: 7637.460000
  jeffthekillervn: 1000
  shakuganofshana: 1000
  zenkinmurad654: 372219.500000
  thinkers2k18: 15134022.550000
  bosscreeper710: 1009.900000
  haledawn1209916: 1000
  realdark666: 29739.450000
  darkknightmcvn: 1046.950000
  tonyboyvn56: 1000
  zzznarutozzz159: 1000.150000
  greendino77: 1000
  everybodysevery: 1000
...
