---
plot:
  X: 15.470400
  "Y": 65.000000
  Z: 15.803900
  Yaw: 274.118919
  Pitch: 33.026672
FakeLoby:
  X: 21.236900
  "Y": 8.000000
  Z: 21.362200
  Yaw: 137.572327
  Pitch: 14.526337
...
